12 12 20
1 4 W 0 0 1 0 0 0 W W 0 
6 W 0 0 0 0 0 0 W 4 W W 
W 0 0 3 0 0 0 0 W 5 5 W 
0 0 0 0 0 0 0 0 0 W 6 W 
1 0 1 0 0 0 0 0 0 0 W W 
0 0 0 0 2 0 0 1 0 0 M 0 
0 0 0 0 0 0 0 2 0 0 0 0 
M 0 0 0 0 0 1 0 0 0 1 0 
0 0 1 0 0 2 0 3 0 0 1 0 
0 0 0 0 0 0 0 0 0 W W W 
0 0 0 0 0 0 0 0 1 W 1 1 
1 0 0 0 0 1 0 0 0 W 1 2 
0 0 1 4 0 0 0 
0 0 7 11 0 0 0 
0
1 4 W 0 0 1 0 0 0 W W 0 
6 W 0 0 0 0 0 0 W 4 W W 
W 0 0 3 0 0 0 0 W 5 5 W 
0 0 0 0 0 0 0 0 0 W 6 W 
1 0 1 0 0 0 0 0 0 0 W W 
0 0 0 0 2 0 0 1 0 0 M 0 
0 0 0 0 0 0 0 2 0 0 0 0 
M 0 0 0 0 0 1 0 0 0 1 0 
0 0 1 0 0 2 0 3 0 0 1 0 
0 0 0 0 0 0 0 0 0 W W W 
0 0 0 0 0 0 0 0 1 W 1 1 
1 0 0 0 0 1 0 0 0 W 1 2 
1 4 1 3 0 0 0 
7 11 6 11 1 0 0 
0
1 4 W 0 0 1 0 0 0 W W 0 
6 W 0 0 0 0 0 0 W 4 W W 
W 0 0 3 0 0 0 0 W 5 5 W 
0 0 0 0 0 0 0 0 0 W 6 W 
1 0 1 0 0 0 0 0 0 0 W W 
0 0 0 0 2 0 0 1 0 0 0 0 
0 0 0 0 0 0 0 2 0 0 0 0 
M 0 0 0 0 0 1 0 0 0 1 0 
0 0 1 0 0 2 0 3 0 0 1 0 
0 0 0 0 0 0 0 0 0 W W W 
0 0 0 0 0 0 0 0 1 W 1 1 
1 0 0 0 0 1 0 0 0 W 1 2 
1 3 1 3 0 0 0 
6 11 5 11 1 0 0 
0
1 4 W 0 0 1 0 0 0 W W 0 
6 W 0 0 0 0 0 0 W 4 W W 
W 0 0 3 0 0 0 0 W 5 5 W 
0 0 0 0 0 0 0 0 0 W 6 W 
1 0 1 0 0 0 0 0 0 0 W W 
0 0 0 0 2 0 0 1 0 0 0 0 
0 0 0 0 0 0 0 2 0 0 0 0 
M 0 0 0 0 0 1 0 0 0 1 0 
0 0 1 0 0 2 0 3 0 0 1 0 
0 0 0 0 0 0 0 0 0 W W W 
0 0 0 0 0 0 0 0 1 W 1 1 
1 0 0 0 0 1 0 0 0 W 1 2 
1 3 1 3 0 0 0 
5 11 4 11 1 6 0 
0
1 4 W 0 0 1 0 0 0 W W 0 
6 W 0 0 0 0 0 0 W 4 W W 
W 0 0 3 0 0 0 0 W 5 5 W 
0 0 0 0 0 0 0 0 0 W 0 W 
1 0 1 0 0 0 0 0 0 0 W W 
0 0 0 0 2 0 0 1 0 0 0 0 
0 0 0 0 0 0 0 2 0 0 0 0 
M 0 0 0 0 0 1 0 0 0 1 0 
0 0 1 0 0 2 0 3 0 0 1 0 
0 0 0 0 0 0 0 0 0 W W W 
0 0 0 0 0 0 0 0 1 W 1 1 
1 0 0 0 0 1 0 0 0 W 1 2 
1 3 1 3 0 0 0 
4 11 3 11 1 11 0 
0
1 4 W 0 0 1 0 0 0 W W 0 
6 W 0 0 0 0 0 0 W 4 W W 
W 0 0 3 0 0 0 0 W 5 0 W 
0 0 0 0 0 0 0 0 0 W 0 W 
1 0 1 0 0 0 0 0 0 0 W W 
0 0 0 0 2 0 0 1 0 0 0 0 
0 0 0 0 0 0 0 2 0 0 0 0 
M 0 0 0 0 0 1 0 0 0 1 0 
0 0 1 0 0 2 0 3 0 0 1 0 
0 0 0 0 0 0 0 0 0 W W W 
0 0 0 0 0 0 0 0 1 W 1 1 
1 0 0 0 0 1 0 0 0 W 1 2 
1 3 1 3 0 0 0 
3 11 3 10 1 16 0 
0
1 4 W 0 0 1 0 0 0 W W 0 
6 W 0 0 0 0 0 0 W 4 W W 
W 0 0 3 0 0 0 0 W 0 0 W 
0 0 0 0 0 0 0 0 0 W 0 W 
1 0 1 0 0 0 0 0 0 0 W W 
0 0 0 0 2 0 0 1 0 0 0 0 
0 0 0 0 0 0 0 2 0 0 0 0 
M 0 0 0 0 0 1 0 0 0 1 0 
0 0 1 0 0 2 0 3 0 0 1 0 
0 0 0 0 0 0 0 0 0 W W W 
0 0 0 0 0 0 0 0 1 W 1 1 
1 0 0 0 0 1 0 0 0 W 1 2 
1 3 1 3 0 0 0 
3 10 2 10 1 20 0 
0
1 4 W 0 0 1 0 0 0 W W 0 
6 W 0 0 0 0 0 0 W 0 W W 
W 0 0 3 0 0 0 0 W 0 0 W 
0 0 0 0 0 0 0 0 0 W 0 W 
1 0 1 0 0 0 0 0 0 0 W W 
0 0 0 0 2 0 0 1 0 0 0 0 
0 0 0 0 0 0 0 2 0 0 0 0 
M 0 0 0 0 0 1 0 0 0 1 0 
0 0 1 0 0 2 0 3 0 0 1 0 
0 0 0 0 0 0 0 0 0 W W W 
0 0 0 0 0 0 0 0 1 W 1 1 
1 0 0 0 0 1 0 0 0 W 1 2 
1 3 1 3 0 0 0 
2 10 1 10 1 20 0 
0
1 4 W 0 0 1 0 0 0 W W 0 
6 W 0 0 0 0 0 0 W 0 W W 
W 0 0 3 0 0 0 0 W 0 0 W 
0 0 0 0 0 0 0 0 0 W 0 W 
1 0 1 0 0 0 0 0 0 0 W W 
0 0 0 0 2 0 0 1 0 0 0 0 
0 0 0 0 0 0 0 2 0 0 0 0 
M 0 0 0 0 0 1 0 0 0 1 0 
0 0 1 0 0 2 0 3 0 0 1 0 
0 0 0 0 0 0 0 0 0 W W W 
0 0 0 0 0 0 0 0 1 W 1 1 
1 0 0 0 0 1 0 0 0 W 1 2 
1 3 1 3 0 0 0 
1 10 1 9 1 20 0 
0
1 4 W 0 0 1 0 0 0 W W 0 
6 W 0 0 0 0 0 0 W 0 W W 
W 0 0 3 0 0 0 0 W 0 0 W 
0 0 0 0 0 0 0 0 0 W 0 W 
1 0 1 0 0 0 0 0 0 0 W W 
0 0 0 0 2 0 0 1 0 0 0 0 
0 0 0 0 0 0 0 2 0 0 0 0 
M 0 0 0 0 0 1 0 0 0 1 0 
0 0 1 0 0 2 0 3 0 0 1 0 
0 0 0 0 0 0 0 0 0 W W W 
0 0 0 0 0 0 0 0 1 W 1 1 
1 0 0 0 0 1 0 0 0 W 1 2 
1 3 1 3 0 0 0 
1 9 1 8 1 20 0 
0
1 4 W 0 0 1 0 0 0 W W 0 
6 W 0 0 0 0 0 0 W 0 W W 
W 0 0 3 0 0 0 0 W 0 0 W 
0 0 0 0 0 0 0 0 0 W 0 W 
1 0 1 0 0 0 0 0 0 0 W W 
0 0 0 0 2 0 0 1 0 0 0 0 
0 0 0 0 0 0 0 2 0 0 0 0 
M 0 0 0 0 0 1 0 0 0 1 0 
0 0 1 0 0 2 0 3 0 0 1 0 
0 0 0 0 0 0 0 0 0 W W W 
0 0 0 0 0 0 0 0 1 W 1 1 
1 0 0 0 0 1 0 0 0 W 1 2 
1 3 1 3 0 0 0 
1 8 1 7 1 20 0 
0
1 4 W 0 0 1 0 0 0 W W 0 
6 W 0 0 0 0 0 0 W 0 W W 
W 0 0 3 0 0 0 0 W 0 0 W 
0 0 0 0 0 0 0 0 0 W 0 W 
1 0 1 0 0 0 0 0 0 0 W W 
0 0 0 0 2 0 0 1 0 0 0 0 
0 0 0 0 0 0 0 2 0 0 0 0 
M 0 0 0 0 0 1 0 0 0 1 0 
0 0 1 0 0 2 0 3 0 0 1 0 
0 0 0 0 0 0 0 0 0 W W W 
0 0 0 0 0 0 0 0 1 W 1 1 
1 0 0 0 0 1 0 0 0 W 1 2 
1 3 1 3 0 0 0 
1 7 1 6 1 21 0 
0
1 4 W 0 0 0 0 0 0 W W 0 
6 W 0 0 0 0 0 0 W 0 W W 
W 0 0 3 0 0 0 0 W 0 0 W 
0 0 0 0 0 0 0 0 0 W 0 W 
1 0 1 0 0 0 0 0 0 0 W W 
0 0 0 0 2 0 0 1 0 0 0 0 
0 0 0 0 0 0 0 2 0 0 0 0 
M 0 0 0 0 0 1 0 0 0 1 0 
0 0 1 0 0 2 0 3 0 0 1 0 
0 0 0 0 0 0 0 0 0 W W W 
0 0 0 0 0 0 0 0 1 W 1 1 
1 0 0 0 0 1 0 0 0 W 1 2 
1 3 1 3 0 0 0 
1 6 1 5 1 21 0 
0
1 4 W 0 0 0 0 0 0 W W 0 
6 W 0 0 0 0 0 0 W 0 W W 
W 0 0 3 0 0 0 0 W 0 0 W 
0 0 0 0 0 0 0 0 0 W 0 W 
1 0 1 0 0 0 0 0 0 0 W W 
0 0 0 0 2 0 0 1 0 0 0 0 
0 0 0 0 0 0 0 2 0 0 0 0 
M 0 0 0 0 0 1 0 0 0 1 0 
0 0 1 0 0 2 0 3 0 0 1 0 
0 0 0 0 0 0 0 0 0 W W W 
0 0 0 0 0 0 0 0 1 W 1 1 
1 0 0 0 0 1 0 0 0 W 1 2 
1 3 1 3 0 0 0 
1 5 1 4 1 21 0 
0
1 4 W 0 0 0 0 0 0 W W 0 
6 W 0 0 0 0 0 0 W 0 W W 
W 0 0 3 0 0 0 0 W 0 0 W 
0 0 0 0 0 0 0 0 0 W 0 W 
1 0 1 0 0 0 0 0 0 0 W W 
0 0 0 0 2 0 0 1 0 0 0 0 
0 0 0 0 0 0 0 2 0 0 0 0 
M 0 0 0 0 0 1 0 0 0 1 0 
0 0 1 0 0 2 0 3 0 0 1 0 
0 0 0 0 0 0 0 0 0 W W W 
0 0 0 0 0 0 0 0 1 W 1 1 
1 0 0 0 0 1 0 0 0 W 1 2 
1 3 1 3 0 0 0 
1 4 1 3 1 21 0 
2 1 3 1 3
1 4 W 0 0 0 0 0 0 W W 0 
6 W 0 0 0 0 0 0 W 0 W W 
W 0 0 3 0 0 0 0 W 0 0 W 
0 0 0 0 0 0 0 0 0 W 0 W 
1 0 1 0 0 0 0 0 0 0 W W 
0 0 0 0 2 0 0 1 0 0 0 0 
0 0 0 0 0 0 0 2 0 0 0 0 
M 0 0 0 0 0 1 0 0 0 1 0 
0 0 1 0 0 2 0 3 0 0 1 0 
0 0 0 0 0 0 0 0 0 W W W 
0 0 0 0 0 0 0 0 1 W 1 1 
1 0 0 0 0 1 0 0 0 W 1 2 
1 3 1 3 0 0 0 
1 3 1 3 1 21 0 
2 1 3 1 3
1 4 W 0 0 0 0 0 0 W W 0 
6 W 0 0 0 0 0 0 W 0 W W 
W 0 0 3 0 0 0 0 W 0 0 W 
0 0 0 0 0 0 0 0 0 W 0 W 
1 0 1 0 0 0 0 0 0 0 W W 
0 0 0 0 2 0 0 1 0 0 0 0 
0 0 0 0 0 0 0 2 0 0 0 0 
M 0 0 0 0 0 1 0 0 0 1 0 
0 0 1 0 0 2 0 3 0 0 1 0 
0 0 0 0 0 0 0 0 0 W W W 
0 0 0 0 0 0 0 0 1 W 1 1 
1 0 0 0 0 1 0 0 0 W 1 2 
1 3 1 3 0 0 0 
1 3 1 3 1 21 0 
2 1 3 1 3
1 4 W 0 0 0 0 0 0 W W 0 
6 W 0 0 0 0 0 0 W 0 W W 
W 0 0 3 0 0 0 0 W 0 0 W 
0 0 0 0 0 0 0 0 0 W 0 W 
1 0 1 0 0 0 0 0 0 0 W W 
0 0 0 0 2 0 0 1 0 0 0 0 
0 0 0 0 0 0 0 2 0 0 0 0 
M 0 0 0 0 0 1 0 0 0 1 0 
0 0 1 0 0 2 0 3 0 0 1 0 
0 0 0 0 0 0 0 0 0 W W W 
0 0 0 0 0 0 0 0 1 W 1 1 
1 0 0 0 0 1 0 0 0 W 1 2 
1 3 1 3 0 0 0 
1 3 1 3 1 21 0 
2 1 3 1 3
1 4 W 0 0 0 0 0 0 W W 0 
6 W 0 0 0 0 0 0 W 0 W W 
W 0 0 3 0 0 0 0 W 0 0 W 
0 0 0 0 0 0 0 0 0 W 0 W 
1 0 1 0 0 0 0 0 0 0 W W 
0 0 0 0 2 0 0 1 0 0 0 0 
0 0 0 0 0 0 0 2 0 0 0 0 
M 0 0 0 0 0 1 0 0 0 1 0 
0 0 1 0 0 2 0 3 0 0 1 0 
0 0 0 0 0 0 0 0 0 W W W 
0 0 0 0 0 0 0 0 1 W 1 1 
1 0 0 0 0 1 0 0 0 W 1 2 
1 3 1 3 0 0 0 
1 3 1 3 1 21 0 
2 1 3 1 3
1 4 W 0 0 0 0 0 0 W W 0 
6 W 0 0 0 0 0 0 W 0 W W 
W 0 0 3 0 0 0 0 W 0 0 W 
0 0 0 0 0 0 0 0 0 W 0 W 
1 0 1 0 0 0 0 0 0 0 W W 
0 0 0 0 2 0 0 1 0 0 0 0 
0 0 0 0 0 0 0 2 0 0 0 0 
M 0 0 0 0 0 1 0 0 0 1 0 
0 0 1 0 0 2 0 3 0 0 1 0 
0 0 0 0 0 0 0 0 0 W W W 
0 0 0 0 0 0 0 0 1 W 1 1 
1 0 0 0 0 1 0 0 0 W 1 2 
1 3 1 3 0 0 0 
1 3 1 3 1 21 0 
2 1 3 1 3
