Map.txt              
              
              
15 15             
D 0 2 1 0 0 0 0 0 0 1 0 D 0 0
0 D 1 0 D D 3 D 0 0 4 2 D 1 0
2 1 D 2 0 2 0 0 4 3 0 0 0 1 0
1 0 2 0 0 0 3 0 1 D 0 0 0 D D
0 D 0 0 1 2 0 D 0 S 0 1 0 0 1
0 D 2 0 2 0 1 D 0 0 3 D D 0 0
0 3 0 3 0 1 0 D 0 1 0 D 1 0 0
0 D 0 0 D D D 0 0 0 0 D D 0 0
0 0 4 1 0 0 0 0 0 D 1 0 1 0 1
0 0 3 D S 0 1 0 D D 0 0 0 0 0
1 4 0 0 0 3 0 0 1 0 D 1 0 1 0
0 2 0 0 1 D D D 0 0 1 D 0 1 0
D D 0 0 0 D 1 D 1 0 0 0 0 0 D
0 1 1 D 0 0 0 0 0 0 1 1 0 0 0
0 0 0 D 1 0 0 0 1 0 0 0 D 0 5
         
              
              
 
Map2.txt              
              
              
15 15             
D D 0 1 D 0 0 1 3 5 1 0 0 0 0
D D 0 0 4 0 D 0 3 0 0 0 5 D 3
0 0 2 1 1 0 0 0 0 1 0 1 0 1 0
1 0 1 D 0 2 S 0 0 0 0 D 1 0 0
D 4 1 0 D 0 D 0 D 0 0 0 1 0 1
0 0 0 2 0 4 0 D 0 0 1 1 2 0 0
0 D 0 S D 0 D 0 1 1 1 D 0 0 0
1 0 0 0 0 D 0 0 0 0 D 0 0 0 2
3 3 0 0 D 0 1 0 2 D 1 0 0 0 0
5 0 1 0 0 0 1 0 D 0 0 0 0 D 0
1 0 0 0 0 1 1 D 1 0 D 0 0 D 0
0 0 1 D 0 1 D 0 0 0 0 0 0 D 0
0 5 0 1 1 2 0 0 0 0 0 0 D 0 0
0 D 1 0 0 0 0 0 0 D D D 0 0 0
0 3 0 0 1 0 0 2 0 0 0 0 0 0 D
     
              
              
 
Map3.txt              
              
              
15 15             
D 1 0 0 D 0 0 1 0 0 0 D 3 0 2
1 0 1 0 0 0 0 0 D 1 0 0 D 0 0
0 1 0 0 D D D D D 0 0 D 0 0 0
0 0 0 D 0 0 1 1 D 1 0 0 0 0 0
D 0 D 0 D 1 0 0 0 1 0 1 0 0 0
0 0 D 0 1 0 1 0 0 0 1 0 0 1 D
0 0 D 1 0 1 0 D 0 D 0 D D 0 0
1 0 D 1 0 0 D 0 3 0 1 D 3 3 4
0 D D D 0 0 0 3 3 0 0 D 3 1 D
0 1 0 1 1 0 D 0 0 0 D 1 0 0 2
0 0 0 0 0 1 0 1 0 D D 0 0 0 2
D 0 D 0 1 0 D D D 1 0 0 0 0 S
3 D 0 0 0 0 D 3 3 0 0 0 0 D 0
0 0 0 0 0 1 0 3 1 0 0 0 D 5 5
2 0 0 0 0 D 0 4 D 2 2 S 0 5 0
 
Map4.txt              
              
              
15 15             
1 2 0 0 0 0 0 0 0 0 0 D 2 0 3
2 3 D D D D D D 0 D 0 D 0 2 2
0 D 1 1 0 0 D 0 0 D 0 0 0 0 0
0 D 1 0 0 0 0 0 1 D D 0 0 0 3
0 D 0 0 S 0 0 D 0 D 0 D 0 1 0
0 D 0 0 0 D 3 D 3 3 0 0 D 0 0
0 D D 0 0 3 D 3 0 3 0 0 0 D 0
0 D 0 0 D D 3 0 3 0 1 0 0 0 D
0 0 0 1 0 3 0 3 0 0 0 1 0 0 0
0 D D D D 3 3 0 0 D D D D 0 D
0 0 0 D 0 0 0 1 0 D D 0 1 0 0
D D 0 0 D 0 0 0 1 D 0 S D D 0
2 0 0 0 0 D 0 0 0 D 1 D 0 3 3
0 2 0 0 1 0 D 0 0 0 0 D 3 D 3
3 2 0 3 0 0 0 D 0 D 0 0 3 3 1
              
 
Map5.txt              
              
              
15 15             
2 3 3 D 0 0 D 0 0 0 D 1 0 D D
3 D 0 0 0 0 0 0 0 0 0 0 0 1 0
3 0 2 0 D 0 1 D 0 0 0 0 0 0 0
D 0 0 0 D 0 0 0 0 0 D 0 1 1 2
0 0 D D D 0 0 0 0 0 0 1 0 0 0
0 0 0 0 0 0 0 D 0 0 0 0 D 3 4
D 0 1 0 0 0 0 0 0 1 0 1 2 2 0
0 0 D 0 0 D 0 0 0 0 D 0 0 0 D
0 0 0 0 0 0 0 0 D 0 0 1 1 0 0
0 0 0 0 0 0 1 0 0 D 0 0 2 D 2
D 0 0 D 0 0 0 D 0 0 0 0 1 3 4
1 0 0 0 1 0 1 0 1 0 0 D S 0 1
0 0 0 1 0 D 2 0 1 2 1 S 0 D 5
D 1 0 1 0 3 2 0 0 D 3 0 D 0 1
D 0 0 2 0 4 0 D 0 2 4 1 5 1 0
                          
              
              
 
Map6.txt              
              
              
15 15             
D 0 0 0 0 0 D D D D 0 0 0 0 0
0 3 0 D 1 0 D 1 0 0 1 3 1 D 1
0 0 D 1 0 0 D 0 2 2 1 1 5 1 1
0 D 1 2 D 2 D 1 S D 0 0 0 3 0
0 1 0 D 2 0 1 1 D 0 0 1 0 D D
0 0 0 2 0 2 0 1 D 0 1 0 0 0 0
D D D D 1 0 D D D D 0 0 0 0 1
D 1 0 1 1 1 D 0 1 D 0 D D D 1
D 0 2 S D D D 1 0 0 0 0 3 0 0
D 0 2 D 0 0 D D 0 0 0 D D 2 0
0 1 1 0 0 1 0 0 0 0 0 0 0 0 1
0 3 1 0 1 0 0 D 0 D 0 D 0 0 0
0 1 5 0 0 0 0 D 3 D 0 0 2 1 0
0 D 1 3 D 0 0 D 0 2 0 0 1 D 0
0 1 1 0 D 0 1 1 0 0 1 0 0 0 3
   
              
 
Map7.txt              
              
              
15 15             
D D 0 0 1 0 0 0 0 0 D 1 2 0 0
D D S 0 0 0 0 0 0 0 D 1 0 0 D
0 S 0 D 0 D 0 2 D 5 D 0 0 0 0
0 0 D 2 2 0 1 0 2 0 D 1 0 1 0
1 0 0 2 D 0 0 2 D 1 0 0 1 D 0
0 0 D 0 0 D 1 1 1 1 D 0 0 D 2
0 0 0 1 0 1 D 0 1 D 1 0 0 0 1
0 0 2 0 2 1 0 0 0 0 0 0 0 2 1
0 0 D 2 D 1 1 0 2 3 D 1 D D D
0 0 5 0 1 1 D 0 3 D 3 0 0 0 1
D D D D 0 D 1 0 D 3 2 0 0 2 D
1 1 0 1 0 0 0 0 1 0 0 0 D 0 D
2 0 0 0 1 0 0 0 D 0 0 D D 0 D
0 0 0 1 D D 0 2 D 0 2 0 0 4 D
0 D 0 0 0 2 1 1 D 1 D D D D D
              
           
              
              
 
Map8.txt              
              
              
15 15             
0 0 1 3 2 D 0 0 1 0 0 D 0 1 2
0 2 0 0 1 S 2 0 0 1 1 D 1 3 1
1 0 D 0 0 0 0 0 1 0 0 D 1 0 0
3 0 0 0 0 1 2 1 0 0 D 0 0 D 1
2 1 0 0 D D 0 0 D 0 1 1 1 2 D
D S 0 1 D D 0 0 D 0 4 D 0 0 1
0 2 0 2 0 0 D 0 D 0 0 1 D 0 0
0 0 0 1 0 0 0 0 D 0 0 0 1 0 0
1 0 1 0 D D D D D 1 0 0 1 1 0
0 1 0 0 0 0 0 0 1 0 0 1 0 0 D
0 1 0 D 1 4 0 0 0 0 D 1 0 3 0
D D D 0 1 D 1 0 0 1 1 0 0 0 0
0 1 1 0 1 0 D 1 1 0 0 0 D 1 1
1 3 0 D 2 0 0 0 1 0 3 0 1 0 D
2 1 0 1 D 1 0 0 0 D 0 0 1 D D
                     
              
              
 
Map9.txt              
              
              
15 15             
0 3 2 2 D 1 0 0 0 0 0 0 3 D D
3 D 3 S 3 0 0 0 1 0 0 0 1 D D
2 3 D 3 3 0 1 0 0 3 0 0 0 1 0
2 S 3 D D 0 D D D D 0 D 0 0 0
D 3 3 D 0 1 0 0 0 0 0 D 1 1 0
1 0 0 0 1 0 0 0 0 1 0 0 0 0 3
0 0 1 D 0 0 D D 1 0 0 1 0 0 1
0 0 0 D 0 0 D 0 0 0 0 1 1 0 D
0 1 0 D 0 0 1 0 0 0 D D 0 1 D
0 0 3 D 0 1 0 0 0 0 0 3 0 0 D
0 0 0 0 0 0 0 0 D 0 D D 3 0 D
0 0 0 D D 0 1 1 D 3 D D 0 0 D
3 1 0 0 1 0 0 1 0 0 3 0 D 0 0
D D 1 0 1 0 0 0 1 0 0 0 0 D 1
D D 0 0 0 3 1 D D D D D 0 1 0
              
              
 
Map10.txt              
              
              
15 15             
1 3 D D D 1 D D D D 1 2 2 0 4
3 0 3 1 0 0 0 0 0 3 3 0 2 0 D
D 3 D D D D D D 1 0 1 D D 2 D
D 1 D 1 1 0 0 1 0 0 0 0 1 0 D
D 0 D 1 0 S 0 0 1 0 0 0 D 0 D
1 0 D 0 S D D 0 0 0 0 1 D 0 2
D 0 D 0 0 D D 0 0 0 0 1 0 0 0
D 0 D 1 0 0 0 0 0 1 0 1 D D 1
D 0 1 0 1 0 0 0 0 1 0 D D 4 0
D 3 0 0 0 0 0 1 1 D D 0 D 0 0
1 3 1 0 0 0 0 0 0 D D 0 1 0 D
2 0 D 0 0 1 1 1 D 0 0 2 0 1 0
2 2 D 1 D D 0 D D D 1 0 D 0 D
0 0 2 0 0 0 0 D 4 0 0 1 0 2 0
4 D D D D 2 0 1 0 0 D 0 D 0 0
            
              
 
Map15.txt              
              
              
13 13             
2 3 3 0 0 0 0 D 0 2 0 0 1  
3 D 0 0 0 0 0 D 1 0 0 0 0  
3 0 S 0 0 0 3 3 0 1 D D 4  
0 0 0 S D 3 3 0 0 0 D 0 0  
0 0 0 D D D D 3 0 1 D D D  
0 0 0 3 D 0 0 D 0 4 0 0 0  
0 0 3 3 D 0 0 1 0 D 2 0 0  
D D 3 0 3 D 1 D D 1 D D 0  
0 1 0 0 0 0 0 D 0 0 0 2 0  
2 0 1 0 1 4 D 1 0 D 1 0 3  
0 0 D D D 0 2 D 0 1 0 1 3  
0 0 D 0 D 0 0 D 2 0 1 0 0  
1 0 4 0 D 0 0 0 0 3 3 0 0  
                  
 
Map21.txt              
              
              
13 13             
2 0 3 1 4 0 0 2 0 0 0 1 3  
0 D 4 0 0 0 0 D D D D 0 3  
3 4 2 0 0 0 0 D 0 0 D 0 3  
1 0 0 D D 0 0 0 0 D 0 1 2  
4 0 0 D D 0 2 0 D 0 0 2 0  
0 0 0 0 0 0 0 0 D 0 0 2 0  
0 0 0 0 2 0 0 0 D 0 3 0 0  
2 D D 0 0 0 0 2 D 0 1 0 0  
0 D 0 0 D D D D 3 0 D D 1  
0 D 0 D 0 0 0 0 0 0 1 S 0  
0 D D 0 0 0 3 1 D 1 5 D 0  
1 0 0 1 2 2 0 0 D S D 0 4  
3 3 3 2 0 0 0 0 1 0 0 4 D  
              
           
              
 
Map23.txt              
              
              
11 11             
5 1 0 0 0 0 0 D 1 5 1    
1 2 D 1 0 1 1 0 0 0 1    
0 D 5 0 0 0 0 5 D 2 0    
0 1 0 D 1 S 0 0 0 0 1    
0 0 0 1 D 0 1 D 1 0 D    
0 1 0 S 0 0 0 0 1 1 0    
0 1 0 0 1 0 0 3 1 2 3    
D 0 5 0 D 0 3 D 1 0 4    
1 0 D 0 1 1 1 1 D 1 0    
5 0 2 0 0 1 2 0 1 D 4    
1 1 0 1 D 0 3 4 0 4 D    
            
              
 
Map26.txt              
              
              
11 11             
D D 1 1 0 2 0 0 0 0 0    
D 0 0 S D 0 0 1 1 0 D    
1 0 0 0 D 0 3 0 D 0 1    
1 S 0 D D 2 4 5 3 3 0    
0 D D D D 5 0 D 3 D 1    
2 0 0 2 5 0 2 0 0 1 1    
0 0 3 4 0 2 D 4 D 4 0    
0 1 0 5 D 0 4 0 0 1 0    
0 1 D 3 3 0 D 0 D 0 D    
0 0 0 3 D 1 4 1 0 2 0    
0 D 1 0 1 1 0 0 D 0 0    
              
              
 
Map27.txt              
              
              
11 11             
S 3 3 3 D 0 0 0 D 0 0    
3 3 D 0 1 0 1 2 D 0 2    
3 D 1 0 0 1 0 D 0 0 0    
3 0 0 0 0 0 0 0 0 D D    
D 1 0 0 0 0 0 3 2 2 0    
0 0 1 0 0 0 3 1 0 4 0    
0 1 0 0 0 3 S 0 4 2 5    
0 2 D 0 3 1 0 4 D 2 0    
D D 0 0 2 0 4 D D 2 0    
0 0 0 D 2 4 2 2 2 0 D    
0 2 0 D 0 0 5 0 0 D D    
            
              
 
Map28.txt              
              
              
13 13             
0 1 0 0 0 2 0 1 0 0 0 0 0  
1 D 0 1 0 3 1 0 1 0 0 D 2  
0 0 D 0 0 0 D 0 0 0 0 0 D  
0 1 0 D D 1 0 0 4 D D 0 0  
0 0 0 D D 0 D 2 D 2 0 2 1  
2 3 0 1 0 0 0 1 S 2 0 1 0  
0 1 D 0 D 0 0 0 0 1 2 1 1  
1 0 0 0 2 1 0 0 2 4 D 0 3  
0 1 0 4 D S 0 2 D 2 D 2 0  
0 0 0 D 2 2 1 4 2 0 0 0 D  
0 0 0 D 0 0 2 D D 0 0 2 0  
0 D 0 0 2 1 1 0 2 0 2 D 2  
0 2 D 0 1 0 1 3 0 D 0 2 0  
              
              
             
              
              
 
Map31.txt              
              
              
11 11             
D 3 2 0 1 3 3 0 1 D 3    
3 D D D 2 0 3 1 0 D 0    
2 D 3 S 0 0 D 1 0 2 0    
0 D S 0 0 0 D 3 0 3 3    
1 2 0 0 D D D 3 0 0 D    
3 0 0 0 D 0 2 0 0 D 1    
3 3 D D D 2 0 0 0 0 3    
0 1 1 3 3 0 0 0 0 0 0    
1 0 0 0 0 0 0 0 D 0 D    
D D 2 3 0 D 0 0 0 5 3    
3 0 0 3 D 1 3 0 D 3 D    
 

Map34.txt              
              
              
11 11             
D D 2 0 0 D 2 1 D 4 4    
D 3 0 0 1 0 D S 1 1 4    
2 0 D 0 0 1 D D 0 2 D    
0 0 0 D D D 0 2 1 1 2    
0 1 0 D 0 0 0 0 0 D D    
D 0 1 D 0 0 D 0 1 2 0    
2 D D 0 0 D D 1 0 3 1    
1 S D 2 0 0 1 D 3 2 0    
D 1 0 1 0 1 0 3 D D 3    
4 1 2 1 D 2 3 2 D 5 0    
4 4 D 2 D 0 1 0 3 0 2

