12 12 20
1 4 W 0 0 1 0 0 0 W W 0 
6 W 0 0 0 0 0 0 W 4 W W 
W 0 0 3 0 0 0 0 W 5 5 W 
0 0 0 0 0 0 0 0 0 W 6 W 
1 0 1 0 0 0 0 0 0 0 W W 
0 0 0 0 2 0 0 1 0 0 M 0 
0 0 0 0 0 0 0 2 0 0 0 0 
M 0 0 0 0 0 1 0 0 0 1 0 
0 0 1 0 0 2 0 3 0 0 1 0 
0 0 0 0 0 0 0 0 0 W W W 
0 0 0 0 0 0 0 0 1 W 1 1 
1 0 0 0 0 1 0 0 0 W 1 2 
0 0 1 4 0 0 0 
0 0 1 5 0 0 0 
0
1 4 W 0 0 1 0 0 0 W W 0 
6 W 0 0 0 0 0 0 W 4 W W 
W 0 0 3 0 0 0 0 W 5 5 W 
0 0 0 0 0 0 0 0 0 W 6 W 
1 0 1 0 0 0 0 0 0 0 W W 
0 0 0 0 2 0 0 1 0 0 M 0 
0 0 0 0 0 0 0 2 0 0 0 0 
M 0 0 0 0 0 1 0 0 0 1 0 
0 0 1 0 0 2 0 3 0 0 1 0 
0 0 0 0 0 0 0 0 0 W W W 
0 0 0 0 0 0 0 0 1 W 1 1 
1 0 0 0 0 1 0 0 0 W 1 2 
1 4 2 4 0 0 0 
1 5 2 5 0 0 0 
0
1 4 W 0 0 1 0 0 0 W W 0 
6 W 0 0 0 0 0 0 W 4 W W 
W 0 0 3 0 0 0 0 W 5 5 W 
0 0 0 0 0 0 0 0 0 W 6 W 
1 0 1 0 0 0 0 0 0 0 W W 
0 0 0 0 2 0 0 1 0 0 M 0 
0 0 0 0 0 0 0 2 0 0 0 0 
M 0 0 0 0 0 1 0 0 0 1 0 
0 0 1 0 0 2 0 3 0 0 1 0 
0 0 0 0 0 0 0 0 0 W W W 
0 0 0 0 0 0 0 0 1 W 1 1 
1 0 0 0 0 1 0 0 0 W 1 2 
2 4 3 4 0 3 0 
2 5 3 5 0 0 0 
0
1 4 W 0 0 1 0 0 0 W W 0 
6 W 0 0 0 0 0 0 W 4 W W 
W 0 0 0 0 0 0 0 W 5 5 W 
0 0 0 0 0 0 0 0 0 W 6 W 
1 0 1 0 0 0 0 0 0 0 W W 
0 0 0 0 2 0 0 1 0 0 M 0 
0 0 0 0 0 0 0 2 0 0 0 0 
M 0 0 0 0 0 1 0 0 0 1 0 
0 0 1 0 0 2 0 3 0 0 1 0 
0 0 0 0 0 0 0 0 0 W W W 
0 0 0 0 0 0 0 0 1 W 1 1 
1 0 0 0 0 1 0 0 0 W 1 2 
3 4 4 4 0 3 0 
3 5 4 5 0 0 0 
0
1 4 W 0 0 1 0 0 0 W W 0 
6 W 0 0 0 0 0 0 W 4 W W 
W 0 0 0 0 0 0 0 W 5 5 W 
0 0 0 0 0 0 0 0 0 W 6 W 
1 0 1 0 0 0 0 0 0 0 W W 
0 0 0 0 2 0 0 1 0 0 M 0 
0 0 0 0 0 0 0 2 0 0 0 0 
M 0 0 0 0 0 1 0 0 0 1 0 
0 0 1 0 0 2 0 3 0 0 1 0 
0 0 0 0 0 0 0 0 0 W W W 
0 0 0 0 0 0 0 0 1 W 1 1 
1 0 0 0 0 1 0 0 0 W 1 2 
4 4 5 4 0 3 0 
4 5 5 5 0 0 0 
0
1 4 W 0 0 1 0 0 0 W W 0 
6 W 0 0 0 0 0 0 W 4 W W 
W 0 0 0 0 0 0 0 W 5 5 W 
0 0 0 0 0 0 0 0 0 W 6 W 
1 0 1 0 0 0 0 0 0 0 W W 
0 0 0 0 2 0 0 1 0 0 M 0 
0 0 0 0 0 0 0 2 0 0 0 0 
M 0 0 0 0 0 1 0 0 0 1 0 
0 0 1 0 0 2 0 3 0 0 1 0 
0 0 0 0 0 0 0 0 0 W W W 
0 0 0 0 0 0 0 0 1 W 1 1 
1 0 0 0 0 1 0 0 0 W 1 2 
5 4 6 4 0 3 0 
5 5 6 5 0 2 0 
0
1 4 W 0 0 1 0 0 0 W W 0 
6 W 0 0 0 0 0 0 W 4 W W 
W 0 0 0 0 0 0 0 W 5 5 W 
0 0 0 0 0 0 0 0 0 W 6 W 
1 0 1 0 0 0 0 0 0 0 W W 
0 0 0 0 0 0 0 1 0 0 M 0 
0 0 0 0 0 0 0 2 0 0 0 0 
M 0 0 0 0 0 1 0 0 0 1 0 
0 0 1 0 0 2 0 3 0 0 1 0 
0 0 0 0 0 0 0 0 0 W W W 
0 0 0 0 0 0 0 0 1 W 1 1 
1 0 0 0 0 1 0 0 0 W 1 2 
6 4 6 5 0 3 0 
6 5 6 6 0 2 0 
0
1 4 W 0 0 1 0 0 0 W W 0 
6 W 0 0 0 0 0 0 W 4 W W 
W 0 0 0 0 0 0 0 W 5 5 W 
0 0 0 0 0 0 0 0 0 W 6 W 
1 0 1 0 0 0 0 0 0 0 W W 
0 0 0 0 0 0 0 1 0 0 M 0 
0 0 0 0 0 0 0 2 0 0 0 0 
M 0 0 0 0 0 1 0 0 0 1 0 
0 0 1 0 0 2 0 3 0 0 1 0 
0 0 0 0 0 0 0 0 0 W W W 
0 0 0 0 0 0 0 0 1 W 1 1 
1 0 0 0 0 1 0 0 0 W 1 2 
6 5 6 6 0 3 0 
6 6 6 7 0 2 0 
0
1 4 W 0 0 1 0 0 0 W W 0 
6 W 0 0 0 0 0 0 W 4 W W 
W 0 0 0 0 0 0 0 W 5 5 W 
0 0 0 0 0 0 0 0 0 W 6 W 
1 0 1 0 0 0 0 0 0 0 W W 
0 0 0 0 0 0 0 1 0 0 M 0 
0 0 0 0 0 0 0 2 0 0 0 0 
M 0 0 0 0 0 1 0 0 0 1 0 
0 0 1 0 0 2 0 3 0 0 1 0 
0 0 0 0 0 0 0 0 0 W W W 
0 0 0 0 0 0 0 0 1 W 1 1 
1 0 0 0 0 1 0 0 0 W 1 2 
6 6 6 7 0 3 0 
6 7 6 8 0 3 0 
0
1 4 W 0 0 1 0 0 0 W W 0 
6 W 0 0 0 0 0 0 W 4 W W 
W 0 0 0 0 0 0 0 W 5 5 W 
0 0 0 0 0 0 0 0 0 W 6 W 
1 0 1 0 0 0 0 0 0 0 W W 
0 0 0 0 0 0 0 0 0 0 M 0 
0 0 0 0 0 0 0 2 0 0 0 0 
M 0 0 0 0 0 1 0 0 0 1 0 
0 0 1 0 0 2 0 3 0 0 1 0 
0 0 0 0 0 0 0 0 0 W W W 
0 0 0 0 0 0 0 0 1 W 1 1 
1 0 0 0 0 1 0 0 0 W 1 2 
6 7 6 8 0 3 0 
6 8 6 9 0 3 0 
0
1 4 W 0 0 1 0 0 0 W W 0 
6 W 0 0 0 0 0 0 W 4 W W 
W 0 0 0 0 0 0 0 W 5 5 W 
0 0 0 0 0 0 0 0 0 W 6 W 
1 0 1 0 0 0 0 0 0 0 W W 
0 0 0 0 0 0 0 0 0 0 M 0 
0 0 0 0 0 0 0 2 0 0 0 0 
M 0 0 0 0 0 1 0 0 0 1 0 
0 0 1 0 0 2 0 3 0 0 1 0 
0 0 0 0 0 0 0 0 0 W W W 
0 0 0 0 0 0 0 0 1 W 1 1 
1 0 0 0 0 1 0 0 0 W 1 2 
6 8 6 9 0 3 0 
6 9 6 10 0 3 0 
0
1 4 W 0 0 1 0 0 0 W W 0 
6 W 0 0 0 0 0 0 W 4 W W 
W 0 0 0 0 0 0 0 W 5 5 W 
0 0 0 0 0 0 0 0 0 W 6 W 
1 0 1 0 0 0 0 0 0 0 W W 
0 0 0 0 0 0 0 0 0 0 M 0 
0 0 0 0 0 0 0 2 0 0 0 0 
M 0 0 0 0 0 1 0 0 0 1 0 
0 0 1 0 0 2 0 3 0 0 1 0 
0 0 0 0 0 0 0 0 0 W W W 
0 0 0 0 0 0 0 0 1 W 1 1 
1 0 0 0 0 1 0 0 0 W 1 2 
6 9 6 10 0 3 0 
6 10 6 11 1 3 0 
0
1 4 W 0 0 1 0 0 0 W W 0 
6 W 0 0 0 0 0 0 W 4 W W 
W 0 0 0 0 0 0 0 W 5 5 W 
0 0 0 0 0 0 0 0 0 W 6 W 
1 0 1 0 0 0 0 0 0 0 W W 
0 0 0 0 0 0 0 0 0 0 0 0 
0 0 0 0 0 0 0 2 0 0 0 0 
M 0 0 0 0 0 1 0 0 0 1 0 
0 0 1 0 0 2 0 3 0 0 1 0 
0 0 0 0 0 0 0 0 0 W W W 
0 0 0 0 0 0 0 0 1 W 1 1 
1 0 0 0 0 1 0 0 0 W 1 2 
6 10 7 10 0 3 0 
6 11 5 11 1 3 0 
0
1 4 W 0 0 1 0 0 0 W W 0 
6 W 0 0 0 0 0 0 W 4 W W 
W 0 0 0 0 0 0 0 W 5 5 W 
0 0 0 0 0 0 0 0 0 W 6 W 
1 0 1 0 0 0 0 0 0 0 W W 
0 0 0 0 0 0 0 0 0 0 0 0 
0 0 0 0 0 0 0 2 0 0 0 0 
M 0 0 0 0 0 1 0 0 0 1 0 
0 0 1 0 0 2 0 3 0 0 1 0 
0 0 0 0 0 0 0 0 0 W W W 
0 0 0 0 0 0 0 0 1 W 1 1 
1 0 0 0 0 1 0 0 0 W 1 2 
7 10 7 9 0 3 0 
5 11 4 11 1 9 0 
0
1 4 W 0 0 1 0 0 0 W W 0 
6 W 0 0 0 0 0 0 W 4 W W 
W 0 0 0 0 0 0 0 W 5 5 W 
0 0 0 0 0 0 0 0 0 W 0 W 
1 0 1 0 0 0 0 0 0 0 W W 
0 0 0 0 0 0 0 0 0 0 0 0 
0 0 0 0 0 0 0 2 0 0 0 0 
M 0 0 0 0 0 1 0 0 0 1 0 
0 0 1 0 0 2 0 3 0 0 1 0 
0 0 0 0 0 0 0 0 0 W W W 
0 0 0 0 0 0 0 0 1 W 1 1 
1 0 0 0 0 1 0 0 0 W 1 2 
7 9 7 8 0 5 0 
4 11 3 11 1 14 0 
0
1 4 W 0 0 1 0 0 0 W W 0 
6 W 0 0 0 0 0 0 W 4 W W 
W 0 0 0 0 0 0 0 W 5 0 W 
0 0 0 0 0 0 0 0 0 W 0 W 
1 0 1 0 0 0 0 0 0 0 W W 
0 0 0 0 0 0 0 0 0 0 0 0 
0 0 0 0 0 0 0 0 0 0 0 0 
M 0 0 0 0 0 1 0 0 0 1 0 
0 0 1 0 0 2 0 3 0 0 1 0 
0 0 0 0 0 0 0 0 0 W W W 
0 0 0 0 0 0 0 0 1 W 1 1 
1 0 0 0 0 1 0 0 0 W 1 2 
7 8 8 8 0 5 0 
3 11 3 10 1 19 0 
0
1 4 W 0 0 1 0 0 0 W W 0 
6 W 0 0 0 0 0 0 W 4 W W 
W 0 0 0 0 0 0 0 W 0 0 W 
0 0 0 0 0 0 0 0 0 W 0 W 
1 0 1 0 0 0 0 0 0 0 W W 
0 0 0 0 0 0 0 0 0 0 0 0 
0 0 0 0 0 0 0 0 0 0 0 0 
M 0 0 0 0 0 1 0 0 0 1 0 
0 0 1 0 0 2 0 3 0 0 1 0 
0 0 0 0 0 0 0 0 0 W W W 
0 0 0 0 0 0 0 0 1 W 1 1 
1 0 0 0 0 1 0 0 0 W 1 2 
8 8 9 8 0 8 0 
3 10 2 10 1 23 0 
0
1 4 W 0 0 1 0 0 0 W W 0 
6 W 0 0 0 0 0 0 W 0 W W 
W 0 0 0 0 0 0 0 W 0 0 W 
0 0 0 0 0 0 0 0 0 W 0 W 
1 0 1 0 0 0 0 0 0 0 W W 
0 0 0 0 0 0 0 0 0 0 0 0 
0 0 0 0 0 0 0 0 0 0 0 0 
M 0 0 0 0 0 1 0 0 0 1 0 
0 0 1 0 0 2 0 0 0 0 1 0 
0 0 0 0 0 0 0 0 0 W W W 
0 0 0 0 0 0 0 0 1 W 1 1 
1 0 0 0 0 1 0 0 0 W 1 2 
9 8 9 7 0 8 0 
2 10 2 11 1 23 0 
0
1 4 W 0 0 1 0 0 0 W W 0 
6 W 0 0 0 0 0 0 W 0 W W 
W 0 0 0 0 0 0 0 W 0 0 W 
0 0 0 0 0 0 0 0 0 W 0 W 
1 0 1 0 0 0 0 0 0 0 W W 
0 0 0 0 0 0 0 0 0 0 0 0 
0 0 0 0 0 0 0 0 0 0 0 0 
M 0 0 0 0 0 1 0 0 0 1 0 
0 0 1 0 0 2 0 0 0 0 1 0 
0 0 0 0 0 0 0 0 0 W W W 
0 0 0 0 0 0 0 0 1 W 1 1 
1 0 0 0 0 1 0 0 0 W 1 2 
9 7 9 6 0 10 0 
2 11 3 11 1 23 0 
0
1 4 W 0 0 1 0 0 0 W W 0 
6 W 0 0 0 0 0 0 W 0 W W 
W 0 0 0 0 0 0 0 W 0 0 W 
0 0 0 0 0 0 0 0 0 W 0 W 
1 0 1 0 0 0 0 0 0 0 W W 
0 0 0 0 0 0 0 0 0 0 0 0 
0 0 0 0 0 0 0 0 0 0 0 0 
M 0 0 0 0 0 1 0 0 0 1 0 
0 0 1 0 0 0 0 0 0 0 1 0 
0 0 0 0 0 0 0 0 0 W W W 
0 0 0 0 0 0 0 0 1 W 1 1 
1 0 0 0 0 1 0 0 0 W 1 2 
9 6 8 6 0 10 0 
3 11 4 11 1 23 0 
0
